# This is a comment
#       atom-1    atom-2
# eV      eV/Ang      eV/Ang    # units metal
9.99999   3.383E-01   3.041E-01  
10.9999   3.549E-01   3.190E-01 
11.9999   3.706E-01   3.332E-01 
12.9999   3.858E-01   3.468E-01 
13.9999   4.003E-01   3.599E-01 
14.9999   4.144E-01   3.725E-01 
15.9999   4.280E-01   3.847E-01 
16.9999   4.412E-01   3.966E-01 
17.9999   4.539E-01   4.081E-01 
19.9999   4.785E-01   4.301E-01 
22.4999   5.075E-01   4.562E-01 
24.9999   5.350E-01   4.809E-01 
27.4999   5.611E-01   5.044E-01 
29.9999   5.860E-01   5.268E-01 
32.4999   6.100E-01   5.483E-01 
34.9999   6.330E-01   5.690E-01 
37.4999   6.552E-01   5.890E-01 
39.9999   6.767E-01   6.083E-01 
44.9999   7.177E-01   6.452E-01 
49.9999   7.566E-01   6.801E-01 
54.9999   7.935E-01   7.133E-01 
59.9999   8.288E-01   7.450E-01 
64.9999   8.626E-01   7.754E-01 
69.9999   8.952E-01   8.047E-01 
79.9999   9.570E-01   8.603E-01 
89.9999   1.015E+00   9.124E-01 
99.9999   1.070E+00   9.618E-01 
    110   1.122E+00   1.009E+00 
    120   1.172E+00   1.054E+00 
    130   1.220E+00   1.097E+00 
139.999   1.266E+00   1.138E+00 
149.999   1.310E+00   1.178E+00 
159.999   1.353E+00   1.217E+00 
169.999   1.395E+00   1.254E+00 
179.999   1.435E+00   1.290E+00 
199.999   1.513E+00   1.360E+00 
224.999   1.605E+00   1.443E+00 
249.999   1.692E+00   1.521E+00 
274.999   1.774E+00   1.595E+00 
299.999   1.853E+00   1.666E+00 
324.999   1.929E+00   1.734E+00 
349.999   2.002E+00   1.799E+00 
374.999   2.072E+00   1.863E+00 
399.999   2.140E+00   1.924E+00 
449.999   2.270E+00   2.040E+00 
499.999   2.392E+00   2.151E+00 
549.999   2.509E+00   2.256E+00 
599.999   2.621E+00   2.356E+00 
649.999   2.728E+00   2.452E+00 
699.999   2.831E+00   2.545E+00 
799.999   3.026E+00   2.720E+00 
899.999   3.210E+00   2.885E+00 
999.999   3.383E+00   3.041E+00 
   1100   3.549E+00   3.190E+00
   1200   3.706E+00   3.332E+00
   1300   3.858E+00   3.468E+00
   1400   4.003E+00   3.599E+00
   1500   4.144E+00   3.725E+00
   1600   4.280E+00   3.847E+00
   1700   4.412E+00   3.966E+00
   1800   4.539E+00   4.081E+00
   2000   4.785E+00   4.301E+00
   2250   5.075E+00   4.562E+00
   2500   5.350E+00   4.809E+00
   2750   5.611E+00   5.044E+00
   3000   5.860E+00   5.268E+00
   3250   6.100E+00   5.483E+00
   3500   6.330E+00   5.690E+00
   3750   6.552E+00   5.890E+00
   4000   6.767E+00   6.083E+00
   4500   7.177E+00   6.452E+00
   5000   7.566E+00   6.801E+00
   5500   7.935E+00   7.133E+00
   6000   8.288E+00   7.450E+00
   6500   8.626E+00   7.754E+00
   7000   8.952E+00   8.047E+00
   8000   9.570E+00   8.603E+00
   9000   1.015E+01   9.124E+00
  10000   1.070E+01   9.618E+00
  11000   1.122E+01   1.009E+01
  12000   1.172E+01   1.054E+01
  13000   1.220E+01   1.097E+01
  14000   1.266E+01   1.138E+01
  15000   1.310E+01   1.178E+01
  16000   1.353E+01   1.217E+01
  17000   1.395E+01   1.254E+01
  18000   1.435E+01   1.290E+01
  20000   1.513E+01   1.360E+01
  22500   1.605E+01   1.443E+01
  25000   1.692E+01   1.555E+01
  27500   1.774E+01   1.698E+01
  30000   1.853E+01   1.817E+01
  32500   1.929E+01   1.916E+01
  35000   2.002E+01   2.000E+01
  37500   2.072E+01   2.072E+01
  40000   2.140E+01   2.135E+01
  45000   2.270E+01   2.243E+01
  50000   2.392E+01   2.336E+01
  55000   2.509E+01   2.420E+01
  60000   2.662E+01   2.497E+01
  65000   2.818E+01   2.569E+01
  70000   2.963E+01   2.636E+01
  80000   3.213E+01   2.762E+01
  90000   3.413E+01   2.881E+01
 100000   3.576E+01   2.995E+01
